GroundObject ID: 41125
FaceColors1: [1559, 1559]
FaceColors2: [1559, 1559]
FaceColors3: [1559, 1559]

GroundObject ID: 41127
FaceColors1: [5405, 5405, 7735, 7735, 1564, 1564]
FaceColors2: [5405, 5405, 7720, 7728, 1559, 1559]
FaceColors3: [5405, 5405, 7728, 7735, 1559, 1568]

GroundObject ID: 41129
FaceColors1: [7699, 7699, 1560, 1560, 7715, 7715, 5405, 5405, 5405, 5405, 5405, 5405, 5405, 5405]
FaceColors2: [7715, 7692, 1566, 1559, 7699, 7735, 5405, 5405, 5405, 5405, 5405, 5405, 5405, 5405]
FaceColors3: [7692, 7682, 1559, 1544, 7735, 7724, 5405, 5405, 5405, 5405, 5405, 5405, 5405, 5405]

GameObject ID: 27268
FaceColors1: [7560, 7560, 7560, 7560, 7560, 7560, 7560, 7585, 7585, 7585, 7585, 7591, 7591, 7591, 7591, 7591, 7569, 7569, 7572, 7572, 7572, 7572, 7576, 7576, 7580, 7700, 7700, 7699, 7699, 7577, 7567, 7567, 7567, 7567, 7582, 7582, 7582, 7582, 7561, 7573, 7562, 7687, 7687, 7687, 7687, 7580, 7580, 7567, 7582, 7582, 7592, 7561, 7561, 7561, 7582, 7589, 7574, 7574, 7947, 7947, 7574, 7582, 7593, 7593, 7571, 7571, 7560, 7560, 7581, 7581, 7591, 7576, 7576, 7576, 7571, 7571, 7559, 7559, 7576, 7592, 7592, 7592, 7582, 7582, 7592, 7592, 7576, 7560, 7560, 7560, 7593, 7593, 7570, 7570, 7559, 7576, 7576, 7576]
FaceColors2: [7569, 7572, 7576, 7580, 7577, 7567, 7582, 7582, 7593, 7590, 7588, 7588, 7589, 7580, 7588, 7573, 7573, 7562, 7562, 7569, 7577, 7589, 7589, 7588, 7588, 7708, 7710, 7710, 7709, 7570, 7570, 7561, 7573, 7588, 7588, 7591, 7582, 7592, 7567, 7567, 7567, 7687, 7701, 7699, 7702, 7582, 7591, 7582, 7567, 7591, 7591, 7570, 7560, 7571, 7571, 7577, 7582, 7560, 7943, 7950, 7590, 7590, 7590, 7580, 7580, 7565, 7560, 7571, 7571, 7591, 7591, 7591, 7576, 7560, 7582, 7560, 7560, 7576, 7576, 7576, 7592, 7582, 7571, 7592, 7592, 7576, 7576, 7576, 7560, 7571, 7593, 7581, 7581, 7559, 7559, 7559, 7576, 7593]
FaceColors3: [7572, 7576, 7580, 7577, 7567, 7582, 7585, 7593, 7590, 7588, 7591, 7589, 7580, 7588, 7573, 7569, 7562, 7572, 7569, 7577, 7589, 7576, 7588, 7580, 7590, 7710, 7699, 7709, 7693, 7567, 7561, 7573, 7588, 7582, 7591, 7582, 7592, 7593, 7573, 7562, 7562, 7701, 7699, 7693, 7701, 7591, 7588, 7562, 7591, 7592, 7582, 7560, 7571, 7582, 7592, 7580, 7560, 7565, 7950, 7955, 7582, 7593, 7580, 7571, 7565, 7560, 7571, 7581, 7591, 7591, 7576, 7576, 7560, 7560, 7560, 7559, 7576, 7576, 7592, 7592, 7582, 7571, 7592, 7592, 7576, 7576, 7560, 7560, 7571, 7582, 7581, 7570, 7559, 7559, 7576, 7576, 7593, 7593]

DecorativeObject ID: 6776
FaceColors1: [6414, 6414, 6664, 6664, 6664, 6664, 6414, 6414, 6676, 6676, 6677, 6677, 6677, 6434, 6415, 6665, 6658, 6658, 6658, 6674, 6674, 6681, 6679, 6679, 6439, 6417, 6425, 6410, 6410, 6410, 6404, 6404, 6427, 6427, 6437, 6437, 6438, 6438, 6429, 6429, 6415, 6415, 6412, 6414, 6412, 6412, 6415, 6437, 6437, 6437, 6429, 6429, 6415, 6415, 6404, 6404, 6407, 6407, 6430, 6430, 6438, 6438, 6426, 6411, 6411, 6411, 6676, 6679, 6679, 6679, 6679, 6674, 6674, 6670, 6670, 6670, 6676, 6676, 6673, 6673, 6669, 6669, 2, 2, 2, 2, 2, 2, 2, 2, 2, 2, 2, 2, 2, 2, 2, 2, 2, 2, 2, 2, 2, 2, 2, 2, 2, 2, 2, 2, 2, 2, 2, 2, 2, 2, 2, 2, 919, 919, 919, 919, 2, 2, 2, 2, 928, 928, 2, 2, 928, 928, 919, 919, 2, 2, 919, 919, 2, 2, 919, 919, 928, 928, 919, 919, 928, 928, 919, 919, 919, 919, 928, 928, 928, 928, 919, 919, 919, 919, 928, 928, 928, 928, 2, 2, 2, 2, 2, 2, 2, 2, 2, 2, 2, 2, 2, 2, 928, 928, 928, 928, 919, 919, 919, 919, 928, 928, 928, 928, 928, 928, 919, 2, 2, 2, 2, 2, 2, 919, 928, 928, 2, 2, 928, 928, 928, 928, 919, 919, 928, 928, 2, 2, 2, 2, 2, 2, 919, 919, 928, 928, 919, 919, 928, 928, 928, 919, 919, 928, 2, 2, 2, 2, 919, 919, 2, 2, 928, 928, 928, 919, 2, 2, 919, 928, 919, 919, 928, 928, 919, 919, 928, 928, 919, 919, 2, 2, 919, 919, 919, 919]
FaceColors2: [6434, 6434, 6665, 6658, 6658, 6666, 6414, 6431, 6675, 6681, 6681, 6681, 6681, 6432, 6432, 6663, 6663, 6663, 6665, 6676, 6675, 6675, 6675, 6670, 6433, 6433, 6433, 6433, 6428, 6422, 6422, 6422, 6422, 6439, 6439, 6439, 6439, 6437, 6437, 6428, 6428, 6424, 6424, 6424, 6432, 6433, 6433, 6433, 6439, 6438, 6438, 6430, 6430, 6424, 6424, 6413, 6413, 6428, 6428, 6440, 6440, 6433, 6433, 6433, 6426, 6430, 6674, 6674, 6674, 6671, 6676, 6676, 6680, 6680, 6673, 6673, 6673, 6678, 6678, 6679, 6679, 6679, 2, 2, 2, 2, 2, 2, 2, 2, 2, 2, 2, 2, 2, 2, 2, 2, 2, 2, 2, 2, 2, 2, 2, 2, 2, 2, 2, 2, 2, 2, 2, 2, 2, 2, 2, 2, 919, 919, 919, 919, 2, 2, 2, 2, 928, 928, 2, 2, 928, 928, 919, 919, 2, 2, 919, 919, 2, 2, 919, 919, 928, 928, 919, 919, 928, 928, 919, 919, 919, 919, 928, 928, 928, 928, 919, 919, 919, 919, 928, 928, 928, 928, 2, 2, 2, 2, 2, 2, 2, 2, 2, 2, 2, 2, 2, 2, 928, 928, 928, 928, 919, 919, 919, 919, 928, 928, 925, 928, 928, 928, 919, 2, 2, 2, 2, 2, 2, 919, 928, 928, 2, 2, 928, 928, 928, 928, 919, 919, 928, 928, 2, 2, 2, 2, 2, 2, 919, 919, 928, 928, 919, 919, 928, 928, 928, 919, 919, 928, 2, 2, 2, 2, 919, 919, 2, 2, 928, 928, 928, 919, 2, 2, 919, 928, 919, 919, 928, 928, 919, 919, 928, 928, 919, 919, 2, 2, 919, 919, 919, 919]
FaceColors3: [6434, 6415, 6658, 6658, 6666, 6664, 6431, 6434, 6681, 6677, 6681, 6681, 6675, 6415, 6412, 6658, 6658, 6665, 6658, 6675, 6681, 6679, 6670, 6676, 6417, 6425, 6410, 6428, 6422, 6404, 6422, 6427, 6439, 6437, 6439, 6438, 6437, 6429, 6428, 6415, 6424, 6412, 6414, 6431, 6433, 6415, 6437, 6439, 6438, 6429, 6430, 6415, 6424, 6404, 6413, 6407, 6428, 6430, 6440, 6438, 6433, 6426, 6411, 6426, 6430, 6403, 6679, 6679, 6671, 6676, 6674, 6680, 6670, 6673, 6664, 6676, 6678, 6673, 6679, 6669, 6679, 6669, 2, 2, 2, 2, 2, 2, 2, 2, 2, 2, 2, 2, 2, 2, 2, 2, 2, 2, 2, 2, 2, 2, 2, 2, 2, 2, 2, 2, 2, 2, 2, 2, 2, 2, 2, 2, 919, 919, 919, 919, 2, 2, 2, 2, 928, 928, 2, 2, 928, 928, 919, 919, 2, 2, 919, 919, 2, 2, 919, 919, 928, 928, 919, 919, 928, 928, 919, 919, 919, 919, 928, 928, 928, 928, 919, 919, 919, 919, 928, 928, 928, 928, 2, 2, 2, 2, 2, 2, 2, 2, 2, 2, 2, 2, 2, 2, 928, 928, 928, 928, 919, 919, 919, 919, 928, 925, 928, 928, 928, 928, 919, 2, 2, 2, 2, 2, 2, 919, 928, 928, 2, 2, 928, 928, 928, 928, 919, 919, 928, 928, 2, 2, 2, 2, 2, 2, 919, 919, 928, 928, 919, 919, 928, 928, 928, 919, 919, 928, 2, 2, 2, 2, 919, 919, 2, 2, 928, 928, 928, 919, 2, 2, 919, 928, 919, 919, 928, 928, 919, 919, 928, 928, 919, 919, 2, 2, 919, 919, 919, 919]

DecorativeObject ID: 6779
FaceColors1: [6435, 6435, 6435, 6435, 6435, 6435, 6435, 6420, 6420, 6420, 6420, 6420, 6420, 6420, 6441, 6441, 6681, 6681, 6681, 6681, 6681, 6681, 6441, 6434, 6434, 6434, 6434, 6435, 6441, 6441, 6681, 6681, 6681, 6441, 6433, 6433, 6433, 6433, 6430, 6438, 6681, 6681, 6681, 6681, 6429, 6429, 6429, 6430, 6430, 6674, 6681, 6441, 6441, 6441, 6681, 6681, 6429, 6429, 6429, 6424, 6424, 6670, 6681, 6681, 6681, 6425, 6425, 6425, 6431, 6431, 6675, 6681, 6441, 6441, 6441, 6681, 6681, 6432, 6432, 932, 932, 6441, 6431, 6431, 6431, 6428, 6428, 6425, 6441, 6441, 6681, 6681, 6424, 6424, 6424, 6424, 929, 936, 936, 947, 6434, 6436, 6678, 6433, 6433, 6681, 6681, 6681, 6439, 6439, 954, 954, 6429, 6431, 6440, 6681, 6438, 6438, 946, 929, 6419, 6428]
FaceColors2: [6431, 6434, 6438, 6441, 6441, 6435, 6425, 6405, 6415, 6430, 6441, 6441, 6425, 6409, 6434, 6435, 6681, 6673, 6674, 6681, 6673, 6670, 6441, 6441, 6430, 6422, 6429, 6429, 6433, 6430, 6681, 6671, 6675, 6441, 6441, 6430, 6415, 6421, 6421, 6441, 6681, 6670, 6671, 6671, 6424, 6422, 6427, 6427, 6434, 6678, 6678, 6441, 6431, 6428, 6681, 6679, 6438, 6433, 6422, 6422, 6419, 6676, 6676, 6681, 6675, 6432, 6424, 6424, 6424, 6429, 6675, 6675, 6441, 6428, 6425, 6681, 6679, 6439, 6438, 954, 939, 6433, 6433, 6425, 6420, 6420, 6413, 6413, 6438, 6433, 6681, 6672, 6427, 6426, 6419, 6419, 925, 925, 935, 935, 6428, 6428, 6672, 6438, 6434, 6675, 6680, 6680, 6440, 6439, 955, 949, 6435, 6435, 6435, 6676, 6433, 6436, 950, 950, 6436, 6426]
FaceColors3: [6434, 6438, 6441, 6441, 6435, 6425, 6431, 6415, 6430, 6441, 6441, 6425, 6409, 6405, 6435, 6441, 6673, 6674, 6681, 6673, 6670, 6681, 6434, 6430, 6422, 6429, 6435, 6425, 6430, 6441, 6671, 6675, 6681, 6433, 6430, 6415, 6421, 6430, 6422, 6441, 6670, 6671, 6681, 6673, 6422, 6427, 6430, 6434, 6436, 6681, 6681, 6431, 6428, 6441, 6679, 6673, 6433, 6422, 6424, 6419, 6433, 6681, 6681, 6675, 6671, 6424, 6424, 6431, 6429, 6431, 6681, 6681, 6430, 6425, 6441, 6679, 6675, 6438, 6424, 939, 932, 6431, 6425, 6420, 6428, 6413, 6425, 6409, 6433, 6441, 6672, 6670, 6426, 6419, 6424, 6422, 936, 935, 947, 938, 6436, 6427, 6681, 6434, 6425, 6680, 6681, 6679, 6439, 6438, 949, 939, 6431, 6440, 6439, 6679, 6436, 6433, 929, 925, 6433, 6427]

GameObject ID: 13152
FaceColors1: [6677, 6677, 6434, 6434, 6434, 6427, 6427, 6411, 6411, 6417, 6433, 6433, 6676, 6676, 6676, 6433, 6413, 6664, 6664, 6664, 6661, 6661, 6661, 6661, 6667, 6667, 6667, 6431, 6431, 6410, 6410, 6662, 6662, 6662, 6662, 6663, 6663, 6663, 6663, 6677, 6677, 6677, 6434, 6416, 6665, 6658, 6661, 6661, 6409, 6409, 6677, 6675, 6432, 6412, 6671, 6671, 6671, 6671, 6677, 6677, 6677, 6677, 6670, 6670, 6423, 6423, 6423, 6423, 6423, 6423, 6423, 6670, 6681, 6441, 6441, 6441, 6659, 6661, 6661, 6409, 6409, 6677, 6675, 6432, 6412, 6672, 6672, 6672, 6672, 6671, 6677, 6677, 6677, 6658, 6658, 6404, 6411, 6411, 6662, 6681, 6681, 6673, 6664, 6664, 6658, 6658, 6658, 6658, 6658, 6658, 6413, 6441, 6441, 6441, 6428, 6673, 6658, 6658, 6658, 6658, 6402, 6402, 6669, 6681, 6441, 6428, 6428, 6428, 6428, 6426, 6426, 6426, 6426, 6672, 6681, 6681, 6441, 6429, 6402, 6402, 6658, 6658, 6658, 6402, 6402, 6421, 6421, 6669, 6669, 6411, 6411, 6658, 6658, 6403, 6662, 6402, 6405, 6405, 6659, 6659, 6659, 6438, 6438, 6679, 6679, 6438, 6427, 6672, 6669, 6422, 6422, 6441, 6441, 6404, 6432, 6432, 6675, 6677, 6664, 6664, 6669, 6669, 6421, 6421, 6669, 6669, 6669, 6421, 6421, 6669, 6681, 6681, 6681, 6681, 6681, 6441, 6441, 6681, 6681, 6441, 6441, 6681, 6681, 6681, 6681, 6658, 6658, 6403, 6403, 6403, 6403, 6407, 6658, 6658, 6402, 6402, 6402, 6402, 6402, 6658, 6658, 6402, 6402, 6665, 6665, 6440, 6440, 6440, 6436, 6436, 6436, 6414, 6414, 6421, 6421, 6432, 6432, 6431, 6431, 6437, 6437, 6436, 6436, 6678, 6425, 6425, 6425, 6671, 6671, 6440, 6440, 6440, 6438, 6438, 6433, 6660, 6658, 6402, 6402, 6658, 6658, 6658, 6402, 6402, 6658, 6666, 6663, 6663, 6663, 6425, 6432, 6675, 6661, 6658, 6658, 6402, 6424, 6424, 6417, 6417, 6658, 6658, 6437, 6437, 6437, 6306, 6306, 6306, 6309, 6309, 6309, 6309, 6441, 6419, 6419, 6442, 6442, 6442, 6316, 6324, 6324, 6324, 915, 915, 915, 913, 913, 913, 6319, 6319, 6319, 6437, 6437, 6437, 6450, 6317, 6317, 6425, 6434, 6434, 6434, 6466, 6466, 6328, 6323, 6323, 6323, 6323, 6323, 6323, 6343, 6343, 6343, 6343, 6343, 6343, 922, 922, 922, 922, 922, 922, 914, 914, 911, 911, 911, 911, 911, 6313, 6313, 6313, 6430, 6430, 6430, 6470, 6470, 6463, 6463, 6329, 6329, 6464, 6464, 6330, 6318, 6318, 6438, 6438, 6434, 6434, 6434, 6434, 6453, 6318, 6318, 6472, 6472, 898, 898, 898, 904, 922, 926, 923, 923, 901, 901, 901, 900, 900, 900, 902, 902, 902, 902, 6291, 6291, 6291, 899, 6322, 6352, 6340, 6297, 6442, 6468, 6468, 6659, 6659, 6659, 6405, 6405, 6405, 6426, 6426, 6426, 6428, 6428, 6428, 6424, 6424, 6424, 6670, 6402, 6402, 6658, 6658, 6658, 6402, 6402, 6402, 6414, 6414, 6664, 6664, 6419, 6419, 6666, 6402, 6402, 6660, 6407, 6421, 6669, 6669, 6417, 6417, 6421, 6669, 6669, 6438, 6438, 6438, 6438, 6679, 6679, 6438, 6427, 6672, 6666, 6417, 6421, 6402, 6402, 6402, 6402, 6402, 6658, 6664, 6664, 6413, 6432, 6675, 6681, 6441, 6441, 6681, 6681, 6681, 6681, 6441, 6441, 6441, 6441, 6441]
FaceColors2: [6672, 6662, 6417, 6428, 6441, 6441, 6414, 6414, 6402, 6402, 6413, 6408, 6667, 6674, 6677, 6432, 6432, 6663, 6659, 6659, 6659, 6658, 6658, 6658, 6658, 6658, 6665, 6415, 6405, 6412, 6434, 6665, 6658, 6659, 6658, 6658, 6667, 6663, 6668, 6668, 6673, 6677, 6432, 6432, 6663, 6663, 6663, 6671, 6426, 6435, 6677, 6677, 6436, 6436, 6677, 6670, 6670, 6670, 6670, 6681, 6681, 6681, 6681, 6681, 6414, 6402, 6421, 6411, 6411, 6403, 6402, 6669, 6669, 6441, 6428, 6428, 6663, 6663, 6672, 6426, 6436, 6677, 6677, 6433, 6433, 6676, 6681, 6670, 6674, 6674, 6674, 6681, 6681, 6658, 6658, 6411, 6404, 6406, 6673, 6673, 6681, 6681, 6659, 6658, 6658, 6659, 6669, 6667, 6663, 6664, 6441, 6413, 6418, 6441, 6441, 6664, 6664, 6673, 6673, 6672, 6402, 6424, 6670, 6670, 6441, 6441, 6441, 6438, 6427, 6427, 6422, 6437, 6441, 6673, 6674, 6673, 6441, 6402, 6429, 6414, 6658, 6673, 6662, 6402, 6407, 6407, 6413, 6675, 6677, 6435, 6406, 6660, 6664, 6407, 6658, 6402, 6404, 6428, 6668, 6663, 6658, 6441, 6441, 6678, 6676, 6431, 6431, 6663, 6663, 6407, 6434, 6411, 6418, 6404, 6413, 6412, 6674, 6674, 6660, 6660, 6681, 6677, 6414, 6415, 6665, 6680, 6677, 6414, 6421, 6668, 6668, 6675, 6675, 6675, 6678, 6437, 6436, 6678, 6671, 6440, 6438, 6679, 6676, 6676, 6677, 6660, 6658, 6402, 6402, 6415, 6414, 6414, 6660, 6660, 6402, 6402, 6402, 6402, 6402, 6658, 6666, 6403, 6414, 6664, 6679, 6439, 6428, 6417, 6417, 6422, 6409, 6409, 6406, 6406, 6413, 6413, 6412, 6412, 6425, 6425, 6432, 6432, 6409, 6669, 6422, 6409, 6402, 6664, 6679, 6439, 6428, 6425, 6425, 6424, 6424, 6670, 6670, 6417, 6402, 6658, 6663, 6663, 6406, 6406, 6661, 6661, 6658, 6658, 6669, 6421, 6421, 6670, 6670, 6670, 6671, 6403, 6425, 6424, 6424, 6421, 6671, 6666, 6441, 6419, 6442, 6316, 6324, 6319, 6319, 6319, 6306, 6317, 6425, 6425, 6434, 6434, 6466, 6461, 6328, 6328, 6323, 6343, 922, 922, 914, 914, 914, 911, 6313, 6299, 6302, 6433, 6419, 6442, 6442, 6328, 6307, 6438, 6438, 6453, 6476, 6476, 6477, 6342, 6342, 6336, 6329, 6330, 6318, 6322, 6322, 6347, 6354, 6352, 6344, 6349, 925, 926, 926, 926, 923, 921, 921, 913, 913, 901, 900, 902, 902, 6291, 6318, 6307, 6438, 6434, 6419, 6477, 6476, 6476, 6453, 6318, 6338, 6472, 6476, 6333, 6333, 6318, 6451, 6453, 6453, 6476, 6466, 6442, 6438, 6307, 6328, 6461, 6466, 899, 901, 913, 913, 913, 913, 913, 921, 898, 898, 899, 899, 898, 898, 898, 900, 899, 898, 6274, 6274, 6322, 898, 6352, 6322, 6322, 6322, 6466, 6476, 6453, 6672, 6673, 6670, 6402, 6425, 6426, 6426, 6436, 6441, 6441, 6438, 6427, 6427, 6417, 6421, 6669, 6414, 6419, 6661, 6667, 6666, 6402, 6407, 6421, 6421, 6417, 6669, 6679, 6438, 6419, 6658, 6402, 6402, 6658, 6413, 6413, 6675, 6681, 6441, 6421, 6421, 6669, 6681, 6441, 6417, 6441, 6441, 6681, 6681, 6431, 6431, 6663, 6663, 6402, 6402, 6402, 6402, 6402, 6402, 6402, 6658, 6658, 6658, 6412, 6412, 6674, 6674, 6441, 6441, 6677, 6672, 6671, 6671, 6441, 6441, 6441, 6441, 6441]
FaceColors3: [6662, 6666, 6428, 6441, 6427, 6414, 6411, 6402, 6417, 6428, 6408, 6419, 6674, 6677, 6675, 6413, 6412, 6659, 6659, 6661, 6658, 6658, 6658, 6667, 6658, 6665, 6674, 6405, 6405, 6434, 6416, 6658, 6659, 6658, 6663, 6667, 6663, 6668, 6677, 6673, 6677, 6675, 6416, 6412, 6658, 6661, 6671, 6671, 6435, 6436, 6675, 6677, 6412, 6424, 6670, 6670, 6671, 6677, 6681, 6677, 6681, 6670, 6681, 6664, 6402, 6421, 6411, 6423, 6403, 6402, 6421, 6681, 6681, 6428, 6441, 6441, 6661, 6672, 6671, 6436, 6436, 6675, 6676, 6412, 6427, 6681, 6670, 6674, 6671, 6677, 6681, 6681, 6676, 6658, 6673, 6402, 6406, 6428, 6681, 6681, 6673, 6664, 6658, 6658, 6659, 6665, 6667, 6658, 6664, 6658, 6414, 6418, 6441, 6428, 6414, 6658, 6658, 6673, 6672, 6658, 6424, 6421, 6681, 6681, 6428, 6428, 6438, 6427, 6426, 6422, 6437, 6441, 6428, 6658, 6673, 6681, 6428, 6428, 6424, 6402, 6673, 6662, 6658, 6407, 6421, 6413, 6432, 6677, 6663, 6406, 6403, 6664, 6660, 6402, 6658, 6421, 6428, 6420, 6663, 6658, 6658, 6441, 6437, 6676, 6674, 6427, 6412, 6669, 6660, 6434, 6437, 6428, 6421, 6406, 6412, 6431, 6677, 6676, 6660, 6663, 6677, 6664, 6415, 6421, 6680, 6677, 6664, 6421, 6421, 6681, 6675, 6675, 6681, 6678, 6681, 6436, 6441, 6671, 6680, 6438, 6441, 6676, 6681, 6677, 6681, 6658, 6658, 6402, 6415, 6414, 6407, 6435, 6660, 6658, 6402, 6402, 6402, 6402, 6402, 6666, 6658, 6414, 6415, 6679, 6680, 6428, 6417, 6436, 6422, 6409, 6414, 6406, 6421, 6413, 6432, 6412, 6431, 6425, 6437, 6432, 6436, 6409, 6422, 6671, 6409, 6402, 6414, 6679, 6680, 6428, 6425, 6438, 6424, 6433, 6406, 6658, 6666, 6402, 6402, 6663, 6658, 6659, 6402, 6409, 6666, 6669, 6663, 6669, 6671, 6432, 6424, 6661, 6658, 6671, 6658, 6414, 6424, 6417, 6421, 6402, 6673, 6673, 6419, 6442, 6448, 6324, 6319, 6309, 6319, 6306, 6317, 6295, 6419, 6434, 6442, 6466, 6461, 6448, 6324, 6323, 6343, 6342, 922, 914, 913, 913, 911, 911, 6299, 6302, 6306, 6419, 6442, 6450, 6461, 6307, 6295, 6434, 6453, 6476, 6466, 6477, 6461, 6323, 6336, 6329, 6330, 6318, 6322, 6343, 6347, 6354, 6352, 6344, 6349, 6342, 926, 922, 926, 923, 921, 914, 913, 911, 901, 900, 902, 911, 903, 6318, 6307, 6299, 6434, 6419, 6433, 6476, 6463, 6453, 6451, 6338, 6330, 6476, 6468, 6318, 6318, 6307, 6453, 6434, 6476, 6466, 6442, 6419, 6451, 6328, 6338, 6466, 6476, 901, 913, 904, 922, 926, 923, 921, 923, 898, 899, 900, 898, 898, 902, 900, 899, 898, 903, 6274, 6322, 6318, 901, 6347, 6340, 6297, 6274, 6461, 6453, 6451, 6673, 6670, 6658, 6425, 6426, 6426, 6436, 6441, 6428, 6438, 6427, 6424, 6417, 6421, 6421, 6658, 6419, 6409, 6667, 6666, 6658, 6407, 6421, 6414, 6417, 6421, 6679, 6667, 6419, 6409, 6658, 6402, 6407, 6664, 6421, 6432, 6681, 6666, 6421, 6421, 6421, 6681, 6679, 6417, 6419, 6441, 6441, 6681, 6674, 6427, 6412, 6666, 6658, 6421, 6402, 6402, 6402, 6402, 6402, 6402, 6664, 6658, 6663, 6432, 6431, 6681, 6681, 6441, 6421, 6672, 6671, 6681, 6681, 6441, 6441, 6441, 6441, 6441]

GroundObject ID: 6762
FaceColors1: [7699, 7699, 1560, 1560, 7715, 7715, 5405, 5405, 5405, 5405, 5405, 5405, 5405, 5405]
FaceColors2: [7715, 7692, 1566, 1559, 7699, 7735, 5405, 5405, 5405, 5405, 5405, 5405, 5405, 5405]
FaceColors3: [7692, 7682, 1559, 1544, 7735, 7724, 5405, 5405, 5405, 5405, 5405, 5405, 5405, 5405]

GroundObject ID: 6763
FaceColors1: [5405, 5405, 7682, 7682, 1551, 1551]
FaceColors2: [5405, 5405, 7703, 7692, 1559, 1559]
FaceColors3: [5405, 5405, 7692, 7682, 1559, 1544]

GroundObject ID: 6764
FaceColors1: [1559, 1559]
FaceColors2: [1559, 1559]
FaceColors3: [1559, 1559]

GroundObject ID: 6765
FaceColors1: [9653, 9653, 912, 912, 9653, 9653, 2, 2, 2, 2, 2, 2, 2, 2, 2, 2, 2, 2, 2, 2, 2, 2, 2, 2, 2, 2, 2, 2, 2, 2, 2, 2, 2, 2, 2, 2, 2, 2, 2, 2, 2, 2, 2, 2, 2, 2, 904, 919, 919, 904, 907, 907, 909, 924, 924, 909, 909, 898, 898, 909, 907, 907]
FaceColors2: [0, 0, 0, 0, 0, 0, 0, 0, 0, 0, 0, 0, 0, 0, 0, 0, 0, 0, 0, 0, 0, 0, 0, 0, 0, 0, 0, 0, 0, 0, 0, 0, 0, 0, 0, 0, 0, 0, 0, 0, 0, 0, 0, 0, 0, 0, 0, 0, 0, 0, 0, 0, 0, 0, 0, 0, 0, 0, 0, 0, 0, 0]
FaceColors3: [-1, -1, -1, -1, -1, -1, -1, -1, -1, -1, -1, -1, -1, -1, -1, -1, -1, -1, -1, -1, -1, -1, -1, -1, -1, -1, -1, -1, -1, -1, -1, -1, -1, -1, -1, -1, -1, -1, -1, -1, -1, -1, -1, -1, -1, -1, -1, -1, -1, -1, -1, -1, -1, -1, -1, -1, -1, -1, -1, -1, -1, -1]

GroundObject ID: 6766
FaceColors1: [2, 2, 2, 2, 2, 2, 2, 2, 2, 2, 2, 2, 2, 2, 2, 2, 2, 2, 2, 2, 2, 2, 2, 2, 2, 2, 2, 2, 2, 2, 2, 2, 2, 2, 2, 2, 2, 2, 2, 2, 2, 2, 2, 2, 2, 2, 2, 2, 2, 2, 2, 2, 2, 2, 2, 2, 2, 2, 2, 2, 2, 2, 2, 2, 9653, 9653, 912, 912, 2, 2, 2, 2, 2, 2, 2, 2, 2, 2, 2, 2, 2, 2, 2, 2, 2, 2, 2, 2, 2, 2, 2, 2]
FaceColors2: [0, 0, 0, 0, 0, 0, 0, 0, 0, 0, 0, 0, 0, 0, 0, 0, 0, 0, 0, 0, 0, 0, 0, 0, 0, 0, 0, 0, 0, 0, 0, 0, 0, 0, 0, 0, 0, 0, 0, 0, 0, 0, 0, 0, 0, 0, 0, 0, 0, 0, 0, 0, 0, 0, 0, 0, 0, 0, 0, 0, 0, 0, 0, 0, 0, 0, 0, 0, 0, 0, 0, 0, 0, 0, 0, 0, 0, 0, 0, 0, 0, 0, 0, 0, 0, 0, 0, 0, 0, 0, 0, 0]
FaceColors3: [-1, -1, -1, -1, -1, -1, -1, -1, -1, -1, -1, -1, -1, -1, -1, -1, -1, -1, -1, -1, -1, -1, -1, -1, -1, -1, -1, -1, -1, -1, -1, -1, -1, -1, -1, -1, -1, -1, -1, -1, -1, -1, -1, -1, -1, -1, -1, -1, -1, -1, -1, -1, -1, -1, -1, -1, -1, -1, -1, -1, -1, -1, -1, -1, -1, -1, -1, -1, -1, -1, -1, -1, -1, -1, -1, -1, -1, -1, -1, -1, -1, -1, -1, -1, -1, -1, -1, -1, -1, -1, -1, -1]

GroundObject ID: 6767
FaceColors1: [912, 912, 2, 2, 2, 2, 2, 2, 2, 2]
FaceColors2: [0, 0, 0, 0, 0, 0, 0, 0, 0, 0]
FaceColors3: [-1, -1, -1, -1, -1, -1, -1, -1, -1, -1]
